44
2 4 7 15 23 27 29 31 36
1 5 9 15 23 27 30 32 37
2 4 9 11 19 26 29 32 37
0 4 7 15 23 27 28 31 34
2 4 9 13 17 25 30 32 37
2 3 9 10 21 25 30 32 37
0 3 9 10 16 24 30 32 37
0 4 9 12 20 26 30 32 37
2 4 9 13 19 25 30 31 33
2 3 9 14 17 26 29 31 33
0 4 9 12 18 26 28 32 37
1 3 9 14 22 27 30 32 37
0 3 6 14 22 27 28 31 34
2 3 6 14 22 27 30 32 37
2 4 9 12 19 26 29 31 36
2 4 9 12 17 25 29 31 34
2 4 9 13 21 25 29 31 36
2 4 9 11 21 25 29 31 34
0 4 7 15 23 27 30 32 37
0 3 9 10 20 26 28 31 35
0 3 9 10 18 24 30 31 33
0 4 9 11 18 26 30 31 35
2 4 9 12 21 25 30 31 33
0 4 9 12 16 24 30 31 35
0 4 9 11 16 26 28 31 33
0 4 9 13 16 24 28 31 34
2 3 9 14 19 25 29 31 34
2 4 9 11 17 25 29 31 36
2 3 9 10 17 25 29 31 36
0 4 9 11 20 24 28 31 33
0 3 9 14 20 26 30 32 37
2 3 8 14 22 27 29 31 36
2 3 9 10 22 27 29 31 34
0 4 9 13 20 26 28 31 34
2 3 9 14 21 26 29 31 36
0 3 9 14 18 24 28 31 34
2 3 8 14 22 27 30 31 37
2 3 6 14 22 27 29 31 36
0 3 9 14 16 24 30 31 35
2 3 9 10 19 26 29 31 34
1 4 9 15 23 27 30 32 37
0 3 8 14 22 27 28 31 34
0 3 8 14 22 27 30 32 37
0 4 9 13 18 24 30 31 35
